#+++++++++++++++++++++++++++++
# 拓展的 abz7
# 数据顺序：加工序号 加工时间 能源需求...... 截止时间
#+++++++++++++++++++++++++++++
2 24 240 3 12 120 9 17 170 4 27 270 0 21 210 6 25 250 8 27 270 7 26 260 1 30 300 5 31 310 11 18 180 14 16 160 13 39 390 10 19 190 12 26 260 900
6 30 300 3 15 150 12 20 200 11 19 190 1 24 240 13 15 150 10 28 280 2 36 360 5 26 260 7 15 150 0 11 110 8 23 230 14 20 200 9 26 260 4 28 280 900
6 35 350 0 22 220 13 23 230 7 32 320 2 20 200 3 12 120 12 19 190 10 23 230 9 17 170 1 14 140 5 16 160 11 29 290 8 16 160 4 22 220 14 22 220 900
9 20 200 6 29 290 1 19 190 7 14 140 12 33 330 4 30 300 0 32 320 5 21 210 11 29 290 10 24 240 14 25 250 2 29 290 3 13 130 8 20 200 13 18 180 900
11 23 230 13 20 200 1 28 280 6 32 320 7 16 160 5 18 180 8 24 240 9 23 230 3 24 240 10 34 340 2 24 240 0 24 240 14 28 280 12 15 150 4 18 180 900
8 24 240 11 19 190 14 21 210 1 33 330 7 34 340 6 35 350 5 40 400 10 36 360 3 23 230 2 26 260 4 15 150 9 28 280 13 38 380 12 13 130 0 25 250 900
13 27 270 3 30 300 6 21 210 8 19 190 12 12 120 4 27 270 2 39 390 9 13 130 14 12 120 5 36 360 10 21 210 11 17 170 1 29 290 0 17 170 7 33 330 900
5 27 270 4 19 190 6 29 290 9 20 200 3 21 210 10 40 400 8 14 140 14 39 390 13 39 390 2 27 270 1 36 360 12 12 120 11 37 370 7 22 220 0 13 130 900
13 32 320 11 29 290 8 24 240 3 27 270 5 40 400 4 21 210 9 26 260 0 27 270 14 27 270 6 16 160 2 21 210 10 13 130 7 28 280 12 28 280 1 32 320 900
12 35 350 1 11 110 5 39 390 14 18 180 7 23 230 0 34 340 3 24 240 13 11 110 8 30 300 11 31 310 4 15 150 10 15 150 2 28 280 9 26 260 6 33 330 900
10 28 280 5 37 370 12 29 290 1 31 310 7 25 250 8 13 130 14 14 140 4 20 200 3 27 270 9 25 250 13 31 310 11 14 140 6 25 250 2 39 390 0 36 360 900
0 22 220 11 25 250 5 28 280 13 35 350 4 31 310 8 21 210 9 20 200 14 19 190 2 29 290 7 32 320 10 18 180 1 18 180 3 11 110 12 17 170 6 15 150 900
12 39 390 5 32 320 2 36 360 8 14 140 3 28 280 13 37 370 0 38 380 6 20 200 7 19 190 11 12 120 14 22 220 1 36 360 4 15 150 9 32 320 10 16 160 900
8 28 280 1 29 290 14 40 400 12 23 230 4 34 340 5 33 330 6 27 270 10 17 170 0 20 200 7 28 280 11 21 210 2 21 210 13 20 200 9 33 330 3 27 270 900
9 21 210 14 34 340 3 30 300 12 38 380 0 11 110 11 16 160 2 14 140 5 14 140 1 34 340 8 33 330 4 23 230 13 40 400 10 12 120 6 23 230 7 27 270 900
9 13 130 14 40 400 7 36 360 4 17 170 0 13 130 5 33 330 8 25 250 13 24 240 10 23 230 3 36 360 2 29 290 1 18 180 11 13 130 6 33 330 12 13 130 900
3 25 250 5 15 150 2 28 280 12 40 400 7 39 390 1 31 310 8 35 350 6 31 310 11 36 360 4 12 120 10 33 330 14 19 190 9 16 160 13 27 270 0 21 210 900
12 22 220 10 14 140 0 12 120 2 20 200 5 12 120 1 18 180 11 17 170 8 39 390 14 31 310 3 31 310 7 32 320 9 20 200 13 29 290 4 13 130 6 26 260 900
5 18 180 10 30 300 7 38 380 14 22 220 13 15 150 11 20 200 9 16 160 3 17 170 1 12 120 2 13 130 12 40 400 6 17 170 8 30 300 4 38 380 0 13 130 900
9 31 310 8 39 390 12 27 270 1 14 140 5 33 330 3 31 310 11 22 220 13 36 360 0 16 160 7 11 110 14 14 140 4 29 290 6 28 280 2 22 220 10 17 170 900


