#+++++++++++++++++++++++++++++
# 拓展的 abz8
# 数据顺序：加工序号 加工时间 能源需求...... 截止时间
#+++++++++++++++++++++++++++++
0 19 190 9 33 330 2 32 320 13 18 180 10 39 390 8 34 340 6 25 250 4 36 360 11 40 400 12 33 330 1 31 310 14 30 300 3 34 340 5 26 260 7 13 130 950
9 11 110 10 22 220 14 19 190 5 12 120 4 25 250 6 38 380 0 29 290 7 39 390 13 19 190 11 22 220 1 23 230 3 20 200 2 40 400 12 19 190 8 26 260 950
3 25 250 8 17 170 11 24 240 13 40 400 10 32 320 14 16 160 5 39 390 9 19 190 0 24 240 1 39 390 4 17 170 2 35 350 7 38 380 6 20 200 12 31 310 950
14 22 220 3 36 360 2 34 340 12 17 170 4 30 300 13 12 120 1 13 130 6 25 250 9 12 120 7 18 180 10 31 310 0 39 390 5 40 400 8 26 260 11 37 370 950
12 32 320 14 15 150 1 35 350 7 13 130 8 32 320 11 23 230 6 22 220 4 21 210 0 38 380 2 38 380 3 40 400 10 31 310 5 11 110 13 37 370 9 16 160 950
10 23 230 12 38 380 8 11 110 14 27 270 9 11 110 6 25 250 5 14 140 4 12 120 2 27 270 11 26 260 7 29 290 3 28 280 13 21 210 0 20 200 1 30 300 950
6 39 390 8 38 380 0 15 150 12 27 270 10 22 220 9 27 270 2 32 320 4 40 400 3 12 120 13 20 200 14 21 210 11 22 220 5 17 170 7 38 380 1 27 270 950
11 11 110 13 24 240 10 38 380 8 15 150 9 19 190 14 13 130 5 30 300 0 26 260 2 29 290 6 33 330 12 21 210 1 15 150 3 21 210 4 28 280 7 33 330 950
8 20 200 6 17 170 5 26 260 3 34 340 9 23 230 0 16 160 2 18 180 4 35 350 12 24 240 10 16 160 11 26 260 7 12 120 14 13 130 13 27 270 1 19 190 950
1 18 180 7 37 370 14 27 270 9 40 400 5 40 400 6 17 170 8 22 220 3 17 170 10 30 300 0 38 380 4 21 210 12 32 320 11 24 240 13 24 240 2 30 300 950
11 19 190 0 22 220 13 36 360 6 18 180 5 22 220 3 17 170 14 35 350 10 34 340 7 23 230 8 19 190 2 29 290 1 22 220 12 17 170 4 33 330 9 39 390 950
6 32 320 3 22 220 12 24 240 5 13 130 4 13 130 1 11 110 0 11 110 13 25 250 8 13 130 2 15 150 10 33 330 11 17 170 14 16 160 9 38 380 7 24 240 950
14 16 160 13 16 160 1 37 370 8 25 250 2 26 260 3 11 110 9 34 340 4 14 140 0 20 200 6 36 360 12 12 120 5 29 290 10 25 250 7 32 320 11 12 120 950
8 20 200 10 24 240 11 27 270 9 38 380 5 34 340 12 39 390 7 33 330 4 37 370 2 31 310 13 15 150 14 34 340 3 33 330 6 26 260 1 36 360 0 14 140 950
8 31 310 0 17 170 9 13 130 1 21 210 10 17 170 7 19 190 13 14 140 3 40 400 5 32 320 11 25 250 2 34 340 14 23 230 6 13 130 12 40 400 4 26 260 950
8 38 380 12 17 170 3 14 140 13 17 170 4 12 120 1 35 350 6 35 350 0 19 190 10 36 360 7 19 190 9 29 290 2 31 310 5 26 260 11 35 350 14 37 370 950
14 20 200 3 16 160 0 33 330 10 14 140 5 27 270 7 31 310 8 16 160 6 31 310 12 28 280 9 37 370 4 37 370 2 29 290 11 38 380 1 30 300 13 36 360 950
11 18 180 3 37 370 14 16 160 6 15 150 8 14 140 12 11 110 13 32 320 5 12 120 1 11 110 10 29 290 7 19 190 4 12 120 9 18 180 2 26 260 0 39 390 950
11 11 110 2 11 110 12 22 220 9 35 350 14 20 200 7 31 310 4 19 190 3 39 390 5 28 280 6 33 330 10 34 340 1 38 380 0 20 200 13 17 170 8 28 280 950
2 12 120 12 25 250 5 23 230 8 21 210 6 27 270 9 30 300 14 23 230 11 39 390 3 26 260 13 34 340 7 17 170 1 24 240 4 12 120 0 19 190 10 36 360 950

