#+++++++++++++++++++++++++++++
# 拓展的 abz9
# 数据顺序：加工序号 加工时间 能源需求...... 截止时间
#+++++++++++++++++++++++++++++
6 14 140 5 21 210 8 13 130 4 11 110 1 11 110 14 35 350 13 20 200 11 17 170 10 18 180 12 11 110 2 23 230 3 13 130 0 15 150 7 11 110 9 35 350 1000
1 35 350 5 31 310 0 13 130 3 26 260 6 14 140 9 17 170 7 38 380 12 20 200 10 19 190 13 12 120 8 16 160 4 34 340 11 15 150 14 12 120 2 14 140 1000
0 30 300 4 35 350 2 40 400 10 35 350 6 30 300 14 23 230 8 29 290 13 37 370 7 38 380 3 40 400 9 26 260 12 11 110 1 40 400 11 36 360 5 17 170 1000
7 40 400 5 18 180 4 12 120 8 23 230 0 23 230 9 14 140 13 16 160 12 14 140 10 23 230 3 12 120 6 16 160 14 32 320 1 40 400 11 25 250 2 29 290 1000
2 35 350 3 15 150 12 31 310 11 28 280 6 32 320 4 30 300 10 27 270 7 29 290 0 38 380 13 11 110 1 23 230 14 17 170 5 27 270 9 37 370 8 29 290 1000
5 33 330 3 33 330 6 19 190 12 40 400 10 19 190 0 33 330 13 26 260 2 31 310 11 28 280 7 36 360 4 38 380 1 21 210 14 25 250 9 40 400 8 35 350 1000
13 25 250 0 32 320 11 33 330 12 18 180 4 32 320 6 28 280 5 15 150 3 35 350 9 14 140 2 34 340 7 23 230 10 32 320 1 17 170 14 26 260 8 19 190 1000
2 16 160 12 33 330 9 34 340 11 30 300 13 40 400 8 12 120 14 26 260 5 26 260 6 15 150 3 21 210 1 40 400 4 32 320 0 14 140 7 30 300 10 35 350 1000
2 17 170 10 16 160 14 20 200 6 24 240 8 26 260 3 36 360 12 22 220 0 14 140 13 11 110 9 20 200 7 23 230 1 29 290 11 23 230 4 15 150 5 40 400 1000
4 27 270 9 37 370 3 40 400 11 14 140 13 25 250 7 30 300 0 34 340 2 11 110 5 15 150 12 32 320 1 36 360 10 12 120 14 28 280 8 31 310 6 23 230 1000
13 25 250 0 22 220 3 27 270 8 14 140 5 25 250 6 20 200 14 18 180 7 14 140 1 19 190 2 17 170 4 27 270 9 22 220 12 22 220 11 27 270 10 21 210 1000
14 34 340 10 15 150 0 22 220 3 29 290 13 34 340 6 40 400 7 17 170 2 32 320 12 20 200 5 39 390 4 31 310 11 16 160 1 37 370 8 33 330 9 13 130 1000
6 12 120 12 27 270 4 17 170 2 24 240 8 11 110 5 19 190 14 11 110 3 17 170 9 25 250 1 11 110 11 31 310 13 33 330 7 31 310 10 12 120 0 22 220 1000
5 22 220 14 15 150 0 16 160 8 32 320 7 20 200 4 22 220 9 11 110 13 19 190 1 30 300 12 33 330 6 29 290 11 18 180 3 34 340 10 32 320 2 18 180 1000
5 27 270 3 26 260 10 28 280 6 37 370 4 18 180 12 12 120 11 11 110 13 26 260 7 27 270 9 40 400 14 19 190 1 24 240 2 18 180 0 12 120 8 34 340 1000
8 15 150 5 28 280 9 25 250 6 32 320 1 13 130 7 38 380 11 11 110 2 34 340 4 25 250 0 20 200 10 32 320 3 23 230 12 14 140 14 16 160 13 20 200 1000
1 15 150 4 13 130 8 37 370 3 14 140 10 22 220 5 24 240 12 26 260 7 22 220 9 34 340 14 22 220 11 19 190 13 32 320 0 29 290 2 13 130 6 35 350 1000
7 36 360 5 33 330 13 28 280 9 20 200 10 30 300 4 33 330 14 29 290 0 34 340 3 22 220 11 12 120 6 30 300 8 12 120 1 35 350 2 13 130 12 35 350 1000
14 26 260 11 31 310 5 35 350 2 38 380 13 19 190 10 35 350 4 27 270 8 29 290 3 39 390 9 13 130 6 14 140 7 26 260 0 17 170 1 22 220 12 15 150 1000
1 36 360 7 34 340 11 33 330 8 17 170 14 38 380 6 39 390 5 16 160 3 27 270 13 29 290 2 16 160 0 16 160 4 19 190 9 40 400 12 35 350 10 39 390 1000
